0 0.049740 0.350463 0.098437 0.400926
0 0.144792 0.430556 0.117708 0.140741
0 0.151562 0.692593 0.302083 0.374074
0 0.221615 0.594907 0.166146 0.517593
0 0.660417 0.281944 0.119792 0.195370
0 0.549219 0.249537 0.224479 0.213889
0 0.559375 0.419444 0.198958 0.251852
0 0.610938 0.586111 0.193750 0.422222
0 0.565365 0.609259 0.261979 0.555556
0 0.941406 0.462963 0.117188 0.231481
0 0.857812 0.551389 0.168750 0.247222
0 0.810156 0.618519 0.272396 0.516667
0 0.765104 0.762037 0.222917 0.233333
