0 0.283750 0.361111 0.140833 0.220000
0 0.641667 0.411111 0.151667 0.222222
0 0.805417 0.545000 0.160833 0.210000
0 0.718750 0.657222 0.160833 0.170000
0 0.682917 0.637778 0.104167 0.251111
0 0.607083 0.590556 0.157500 0.152222
0 0.544583 0.662778 0.172500 0.223333
0 0.487500 0.581111 0.150000 0.160000
0 0.582917 0.870000 0.169167 0.260000
0 0.487917 0.880556 0.200833 0.238889
0 0.419583 0.911667 0.070833 0.176667
0 0.795833 0.907222 0.186667 0.185556
0 0.896667 0.951667 0.190000 0.096667
