0 0.072685 0.510955 0.023148 0.076682
0 0.087037 0.507042 0.029630 0.071987
0 0.192593 0.510955 0.037037 0.079812
0 0.260185 0.561033 0.033333 0.092332
0 0.292130 0.565728 0.034259 0.086072
0 0.308333 0.568075 0.031481 0.090767
0 0.378241 0.565728 0.039815 0.095462
0 0.433796 0.564163 0.028704 0.101721
0 0.613889 0.558685 0.024074 0.078247
0 0.632870 0.567293 0.026852 0.086072
0 0.666204 0.553208 0.026852 0.089202
0 0.695370 0.568075 0.024074 0.090767
0 0.655093 0.569640 0.023148 0.090767
0 0.761111 0.560250 0.022222 0.084507
0 0.780556 0.559468 0.027778 0.095462
0 0.832870 0.556338 0.030556 0.107981
0 0.863889 0.557903 0.033333 0.095462
