0 0.064815 0.427512 0.100000 0.093904
0 0.091667 0.810544 0.100000 0.118616
0 0.131944 0.530478 0.095370 0.085667
0 0.227778 0.602965 0.092593 0.088962
0 0.270833 0.555189 0.089815 0.079077
0 0.333796 0.604613 0.078704 0.135091
0 0.289352 0.477759 0.093519 0.082372
0 0.341667 0.546952 0.075926 0.105437
0 0.314352 0.112026 0.080556 0.069193
0 0.514815 0.219934 0.094444 0.051071
0 0.426852 0.350082 0.094444 0.093904
0 0.477315 0.425041 0.108333 0.088962
0 0.570833 0.464580 0.065741 0.069193
0 0.472685 0.589786 0.099074 0.072488
0 0.469444 0.654860 0.088889 0.070840
0 0.560648 0.657331 0.075000 0.082372
0 0.570370 0.721582 0.092593 0.102142
0 0.609722 0.624382 0.080556 0.079077
0 0.670370 0.635091 0.096296 0.070840
0 0.686111 0.735585 0.103704 0.097199
0 0.741667 0.616145 0.100000 0.072488
0 0.853704 0.528830 0.109259 0.072488
0 0.956944 0.627677 0.086111 0.092257
0 0.721296 0.105437 0.100000 0.049423
0 0.800000 0.101318 0.046296 0.044481
0 0.943519 0.070016 0.046296 0.057661
