0 0.430556 0.565728 0.029630 0.098592
0 0.378241 0.568075 0.034259 0.093897
0 0.612963 0.564163 0.020370 0.089202
0 0.632407 0.566510 0.027778 0.087637
0 0.694907 0.569640 0.021296 0.090767
0 0.665278 0.557121 0.023148 0.087637
0 0.657407 0.562598 0.018519 0.086072
0 0.306019 0.572770 0.023148 0.084507
0 0.290278 0.569640 0.030556 0.093897
0 0.260185 0.567293 0.031481 0.095462
0 0.193981 0.512520 0.034259 0.070423
0 0.077778 0.514085 0.022222 0.070423
0 0.089352 0.511737 0.026852 0.065728
0 0.762500 0.561033 0.025000 0.089202
0 0.780556 0.562598 0.024074 0.101721
0 0.834722 0.559468 0.028704 0.098592
0 0.863426 0.561815 0.026852 0.097027
