0 0.197500 0.463750 0.113333 0.057500
0 0.152917 0.435625 0.117500 0.098750
0 0.342500 0.427500 0.121667 0.082500
0 0.431667 0.336250 0.110000 0.092500
0 0.372917 0.545000 0.107500 0.070000
0 0.529583 0.513750 0.110833 0.075000
0 0.575000 0.531250 0.108333 0.032500
0 0.693333 0.469375 0.116667 0.083750
0 0.576250 0.629375 0.114167 0.063750
0 0.519583 0.660000 0.122500 0.090000
0 0.438750 0.731250 0.117500 0.077500
0 0.792500 0.502500 0.105000 0.095000
0 0.897083 0.475000 0.102500 0.080000
0 0.940000 0.413750 0.120000 0.095000
