0 0.111667 0.340946 0.080000 0.078303
0 0.141667 0.384992 0.081667 0.071778
0 0.134583 0.594617 0.084167 0.053834
0 0.129583 0.681077 0.075833 0.060359
0 0.268750 0.663948 0.074167 0.110930
0 0.215833 0.704731 0.073333 0.091354
0 0.258333 0.292007 0.085000 0.078303
0 0.240417 0.433931 0.080833 0.088091
0 0.333333 0.380914 0.093333 0.106036
0 0.297083 0.510604 0.082500 0.101142
0 0.305417 0.449429 0.075833 0.106036
0 0.315833 0.760196 0.063333 0.052202
0 0.314583 0.787113 0.070833 0.073409
0 0.471250 0.331158 0.084167 0.065253
0 0.474583 0.381729 0.077500 0.068515
0 0.504167 0.459217 0.085000 0.141925
0 0.520000 0.570147 0.078333 0.076672
0 0.588750 0.641925 0.075833 0.070147
0 0.515417 0.767537 0.085833 0.119086
0 0.497917 0.819739 0.072500 0.063622
0 0.564583 0.327896 0.054167 0.052202
0 0.581667 0.321370 0.083333 0.107667
0 0.604583 0.473899 0.087500 0.138662
0 0.590833 0.419250 0.066667 0.075041
0 0.628750 0.375204 0.067500 0.078303
0 0.689583 0.337684 0.084167 0.120718
0 0.676250 0.423328 0.067500 0.102773
0 0.665833 0.577488 0.075000 0.110930
0 0.696667 0.655791 0.083333 0.078303
0 0.745417 0.594617 0.075833 0.099511
0 0.780000 0.649266 0.073333 0.104405
0 0.892083 0.467374 0.069167 0.053834
0 0.886250 0.559543 0.077500 0.071778
0 0.853750 0.708809 0.080833 0.119086
0 0.850417 0.815661 0.070833 0.078303
0 0.957917 0.859706 0.082500 0.107667
