0 0.062500 0.596601 0.021296 0.087657
0 0.205093 0.525045 0.026852 0.066190
0 0.213426 0.586762 0.021296 0.096601
0 0.296759 0.581395 0.017593 0.082290
0 0.325926 0.575134 0.029630 0.087657
0 0.386574 0.576029 0.019444 0.100179
0 0.409259 0.579606 0.038889 0.100179
0 0.408796 0.584973 0.019444 0.089445
0 0.481944 0.582290 0.015741 0.094812
0 0.476389 0.578712 0.032407 0.105546
0 0.525000 0.582290 0.044444 0.112701
0 0.602315 0.580501 0.019444 0.098390
0 0.628704 0.578712 0.027778 0.098390
0 0.663426 0.563506 0.012037 0.082290
0 0.679630 0.569767 0.027778 0.091234
0 0.695370 0.512522 0.029630 0.080501
0 0.759722 0.517889 0.034259 0.073345
0 0.796759 0.510733 0.026852 0.059034
0 0.791204 0.571556 0.013889 0.101968
0 0.800463 0.577818 0.023148 0.103757
0 0.834722 0.584079 0.019444 0.087657
0 0.856944 0.517889 0.021296 0.069767
0 0.876389 0.515206 0.034259 0.071556
0 0.896759 0.567084 0.017593 0.096601
0 0.937500 0.511628 0.034259 0.078712
0 0.984259 0.513417 0.031481 0.078712
0 0.963426 0.575134 0.015741 0.094812
0 0.945833 0.576029 0.015741 0.107335
