0 0.908594 0.617585 0.089063 0.082627
0 0.832031 0.508475 0.073438 0.072034
0 0.807031 0.661017 0.089063 0.072034
0 0.789062 0.628178 0.075000 0.065678
0 0.813281 0.573093 0.085938 0.082627
0 0.761719 0.547669 0.076563 0.078390
0 0.684375 0.525424 0.071875 0.072034
0 0.653125 0.692797 0.096875 0.076271
0 0.593750 0.652542 0.087500 0.084746
0 0.621875 0.596398 0.087500 0.074153
0 0.649219 0.632415 0.120313 0.044492
0 0.567969 0.566737 0.101562 0.078390
0 0.590625 0.542373 0.078125 0.059322
0 0.525781 0.538136 0.048438 0.046610
0 0.435156 0.647246 0.114063 0.082627
0 0.462500 0.575212 0.062500 0.099576
0 0.416406 0.551907 0.057813 0.082627
0 0.412500 0.523305 0.059375 0.076271
0 0.342188 0.503178 0.071875 0.057203
0 0.353125 0.581568 0.078125 0.091102
0 0.307031 0.580508 0.082813 0.063559
0 0.287500 0.633475 0.081250 0.084746
0 0.207813 0.677966 0.090625 0.084746
0 0.106250 0.648305 0.106250 0.084746
0 0.132812 0.563559 0.084375 0.084746
0 0.196094 0.507415 0.114063 0.108051
0 0.014844 0.636653 0.026563 0.057203
