0 0.576000 0.956335 0.032000 0.057266
0 0.270800 0.547602 0.031200 0.037223
0 0.227800 0.518253 0.032400 0.025770
0 0.237200 0.527917 0.032000 0.045097
0 0.189600 0.473157 0.032800 0.038654
0 0.211000 0.455261 0.040400 0.048676
0 0.224800 0.466356 0.026400 0.029349
0 0.215400 0.448461 0.038000 0.022190
0 0.224000 0.450251 0.033600 0.032928
0 0.253800 0.425913 0.035600 0.055834
0 0.255200 0.456693 0.047200 0.034359
0 0.308000 0.444524 0.042400 0.044381
0 0.319800 0.452398 0.040400 0.032928
0 0.362800 0.461346 0.036800 0.033644
0 0.464200 0.446671 0.037200 0.035791
0 0.556800 0.391195 0.036800 0.036507
0 0.620200 0.256263 0.042000 0.040086
0 0.641800 0.308160 0.036400 0.035075
0 0.686200 0.291696 0.038000 0.042233
0 0.689400 0.285254 0.042000 0.027917
0 0.800200 0.314245 0.037200 0.032928
0 0.870600 0.305297 0.032400 0.040802
0 0.916800 0.274517 0.036800 0.016464
0 0.917800 0.278454 0.032400 0.044381
0 0.987400 0.256621 0.025200 0.027917
