0 0.073750 0.602778 0.119167 0.145556
0 0.171667 0.607778 0.133333 0.140000
0 0.435000 0.531111 0.153333 0.113333
0 0.461667 0.607222 0.221667 0.130000
0 0.576667 0.488889 0.195000 0.151111
0 0.622917 0.568889 0.112500 0.126667
0 0.570833 0.711667 0.338333 0.198889
0 0.727917 0.545000 0.134167 0.183333
0 0.960833 0.505000 0.078333 0.154444
0 0.847917 0.462222 0.144167 0.113333
0 0.850417 0.470556 0.184167 0.192222
0 0.936667 0.546667 0.116667 0.115556
0 0.814167 0.596667 0.173333 0.088889
0 0.761250 0.682778 0.119167 0.178889
0 0.891667 0.676111 0.216667 0.238889
0 0.851250 0.581111 0.085833 0.100000
