0 0.041667 0.728618 0.051852 0.055921
0 0.147222 0.725329 0.050000 0.052632
0 0.051852 0.768914 0.048148 0.050987
0 0.158796 0.792763 0.043519 0.055921
0 0.150000 0.814967 0.027778 0.057566
0 0.071296 0.928454 0.040741 0.067434
0 0.087500 0.902138 0.028704 0.074013
0 0.156019 0.969572 0.054630 0.060855
0 0.204630 0.922697 0.050000 0.078947
0 0.290741 0.958059 0.066667 0.083882
0 0.317130 0.882401 0.056481 0.074013
0 0.273148 0.869243 0.044444 0.077303
0 0.256481 0.779605 0.042593 0.055921
0 0.324537 0.743421 0.032407 0.052632
0 0.419907 0.792763 0.019444 0.059211
0 0.505093 0.762336 0.036111 0.064145
0 0.609259 0.790296 0.037037 0.060855
0 0.294907 0.592928 0.099074 0.067434
0 0.457407 0.629934 0.103704 0.055921
0 0.075000 0.474507 0.020370 0.027961
0 0.111574 0.509868 0.015741 0.036184
0 0.127315 0.517270 0.013889 0.037829
0 0.141667 0.513158 0.014815 0.032895
0 0.191204 0.514803 0.017593 0.029605
0 0.225000 0.537829 0.014815 0.042763
0 0.317130 0.470395 0.026852 0.036184
0 0.282407 0.453125 0.022222 0.027961
0 0.397685 0.549342 0.013889 0.032895
0 0.436574 0.493421 0.017593 0.029605
0 0.567593 0.532072 0.014815 0.041118
0 0.518056 0.479441 0.017593 0.031250
0 0.691667 0.518914 0.025926 0.034539
0 0.581481 0.448191 0.018519 0.021382
0 0.603704 0.354441 0.009259 0.018092
0 0.572685 0.355263 0.013889 0.019737
0 0.457407 0.363487 0.018519 0.019737
0 0.531481 0.369243 0.005556 0.011513
0 0.420370 0.387336 0.005556 0.018092
0 0.362037 0.370066 0.012963 0.016447
0 0.214352 0.412829 0.017593 0.023026
0 0.234259 0.365954 0.014815 0.014803
0 0.263889 0.389803 0.014815 0.013158
0 0.257407 0.423520 0.011111 0.014803
0 0.106944 0.392270 0.013889 0.018092
0 0.047222 0.398849 0.012963 0.018092
0 0.012037 0.417763 0.014815 0.019737
0 0.032407 0.420230 0.016667 0.021382
0 0.017593 0.337993 0.009259 0.021382
0 0.953704 0.975329 0.025926 0.049342
0 0.292130 0.392270 0.008333 0.014803
0 0.307407 0.397204 0.009259 0.011513
0 0.308796 0.386513 0.017593 0.016447
0 0.539815 0.456414 0.020370 0.011513
0 0.559259 0.488487 0.016667 0.016447
