0 0.080625 0.594681 0.093750 0.146809
0 0.181250 0.623404 0.092500 0.102128
0 0.158750 0.636170 0.050000 0.072340
0 0.287500 0.613830 0.080000 0.159574
0 0.237500 0.619149 0.040000 0.089362
0 0.236875 0.596809 0.038750 0.112766
0 0.308750 0.604255 0.062500 0.119149
0 0.278750 0.582979 0.017500 0.097872
0 0.405625 0.621277 0.056250 0.153191
0 0.344375 0.589362 0.046250 0.161702
0 0.440000 0.641489 0.057500 0.104255
0 0.496250 0.621277 0.087500 0.157447
0 0.611250 0.609574 0.075000 0.146809
0 0.570625 0.600000 0.026250 0.148936
0 0.673125 0.619149 0.078750 0.165957
0 0.775000 0.586170 0.040000 0.121277
0 0.945625 0.621277 0.071250 0.161702
0 0.887500 0.586170 0.062500 0.142553
0 0.451250 0.196809 0.160000 0.168085
0 0.608125 0.217021 0.161250 0.136170
