0 0.053000 0.649175 0.072000 0.050975
0 0.091000 0.651424 0.078000 0.055472
0 0.154000 0.670165 0.034000 0.029985
0 0.238000 0.646927 0.084000 0.070465
0 0.288000 0.652174 0.080000 0.062969
0 0.342500 0.652924 0.049000 0.058471
0 0.395000 0.660420 0.078000 0.055472
0 0.440000 0.647676 0.030000 0.074963
0 0.495000 0.649925 0.078000 0.052474
0 0.532000 0.646177 0.068000 0.074963
0 0.526500 0.655172 0.067000 0.059970
0 0.609500 0.654423 0.073000 0.043478
0 0.652000 0.658171 0.064000 0.041979
0 0.696000 0.644678 0.048000 0.065967
0 0.788000 0.659670 0.080000 0.044978
0 0.959500 0.652174 0.063000 0.059970
