0 0.133333 0.523220 0.055385 0.111455
0 0.217436 0.491486 0.084103 0.097523
0 0.246154 0.523220 0.053333 0.099071
0 0.256923 0.546440 0.064615 0.102167
0 0.275385 0.493034 0.031795 0.109907
0 0.400513 0.530960 0.068718 0.102167
0 0.420000 0.553406 0.070769 0.116099
0 0.520513 0.548762 0.074872 0.131579
0 0.581026 0.543344 0.050256 0.117647
0 0.625128 0.543344 0.062564 0.102167
0 0.702564 0.552632 0.084103 0.130031
0 0.728718 0.571207 0.060513 0.108359
0 0.784103 0.551084 0.066667 0.111455
