0 0.197708 0.463750 0.112917 0.057500
0 0.153333 0.435312 0.117500 0.098125
0 0.342708 0.427812 0.121250 0.083125
0 0.431667 0.337500 0.110833 0.093750
0 0.373750 0.545937 0.107500 0.071875
0 0.530000 0.512500 0.110833 0.073750
0 0.574792 0.531563 0.107083 0.028125
0 0.576250 0.629062 0.112500 0.066875
0 0.519792 0.660312 0.122917 0.086875
0 0.438750 0.730313 0.117500 0.076875
0 0.692708 0.468438 0.113750 0.081875
0 0.792500 0.501875 0.104167 0.095000
0 0.940208 0.414062 0.119583 0.093125
0 0.896667 0.472500 0.104167 0.078750
