0 0.094444 0.422587 0.022222 0.127505
0 0.115000 0.468124 0.083333 0.247723
0 0.154444 0.420765 0.015556 0.123862
0 0.160000 0.460838 0.051111 0.211293
0 0.240000 0.531876 0.137778 0.153005
0 0.238333 0.515483 0.072222 0.116576
0 0.286111 0.441712 0.056667 0.191257
0 0.338333 0.479964 0.081111 0.224044
0 0.330556 0.499089 0.072222 0.116576
0 0.278333 0.263206 0.247778 0.264117
0 0.448333 0.538251 0.067778 0.140255
0 0.478889 0.454463 0.111111 0.220401
0 0.533889 0.487250 0.070000 0.220401
0 0.807222 0.472678 0.312222 0.253188
0 0.862778 0.481785 0.101111 0.162113
0 0.151667 0.419854 0.016667 0.129326
