0 0.066875 0.483114 0.053750 0.200750
0 0.206875 0.557223 0.063750 0.198874
0 0.301875 0.619137 0.096250 0.108818
0 0.274375 0.528143 0.073750 0.196998
0 0.318125 0.537523 0.036250 0.091932
0 0.425000 0.544090 0.100000 0.228893
0 0.520625 0.512195 0.126250 0.228893
0 0.584375 0.582552 0.108750 0.118199
0 0.730000 0.553471 0.127500 0.210131
0 0.660000 0.478424 0.047500 0.101313
0 0.806875 0.520638 0.103750 0.208255
0 0.836250 0.542214 0.037500 0.165103
0 0.895625 0.579737 0.113750 0.168856
0 0.933125 0.516886 0.048750 0.163227
0 0.965625 0.516886 0.041250 0.174484
