0 0.378598 0.439897 0.111695 0.156188
0 0.539630 0.363187 0.100731 0.056544
0 0.487780 0.360419 0.115806 0.091340
0 0.716309 0.262159 0.063042 0.062475
0 0.830402 0.234875 0.087940 0.088573
0 0.188442 0.694346 0.114664 0.147885
0 0.279808 0.656781 0.107812 0.108343
0 0.648013 0.791024 0.102787 0.071570
0 0.726702 0.759391 0.098904 0.081060
0 0.564756 0.507315 0.099360 0.077501
0 0.267245 0.778964 0.082229 0.100435
0 0.334742 0.755042 0.106670 0.115065
0 0.419712 0.826018 0.104842 0.079873
0 0.567953 0.815737 0.102558 0.125741
