0 0.121667 0.395315 0.110000 0.190337
0 0.177500 0.442167 0.040000 0.070278
0 0.201667 0.540996 0.105000 0.109810
0 0.257083 0.571010 0.149167 0.237189
0 0.415000 0.298682 0.056667 0.096633
0 0.520833 0.278184 0.065000 0.076135
0 0.435417 0.423133 0.069167 0.099561
0 0.520417 0.471449 0.125833 0.298682
0 0.558333 0.409224 0.091667 0.095168
0 0.568333 0.560029 0.163333 0.144949
0 0.660833 0.505857 0.081667 0.209370
0 0.696667 0.549780 0.121667 0.180088
0 0.831667 0.576135 0.168333 0.241581
0 0.872500 0.373353 0.136667 0.084919
0 0.882917 0.454612 0.124167 0.103953
