0 0.099278 0.651351 0.061372 0.118919
0 0.193141 0.609459 0.093863 0.132432
0 0.231949 0.652703 0.055957 0.105405
0 0.289711 0.645946 0.088448 0.113514
0 0.356498 0.656757 0.052347 0.118919
0 0.440433 0.617568 0.108303 0.154054
0 0.500000 0.631081 0.054152 0.143243
0 0.574910 0.624324 0.099278 0.135135
0 0.775271 0.644595 0.052347 0.094595
0 0.819495 0.618919 0.036101 0.108108
0 0.835740 0.658108 0.101083 0.116216
0 0.904332 0.659459 0.079422 0.059459
0 0.916968 0.682432 0.057762 0.105405
0 0.964801 0.654054 0.070397 0.108108
