0 0.582938 0.084772 0.094787 0.167513
0 0.906567 0.086294 0.186865 0.170558
0 0.723764 0.177665 0.236967 0.140102
0 0.672986 0.280203 0.269465 0.156345
0 0.886933 0.283756 0.226134 0.218274
0 0.400474 0.310152 0.205146 0.331980
0 0.729519 0.471574 0.226811 0.200000
0 0.780975 0.548731 0.218687 0.234518
0 0.507786 0.483756 0.297901 0.285279
0 0.372715 0.473096 0.230873 0.422335
0 0.311104 0.525381 0.201083 0.293401
0 0.163507 0.650761 0.325660 0.227411
0 0.315166 0.782234 0.248477 0.191878
0 0.328030 0.837056 0.157752 0.226396
0 0.775897 0.818274 0.414353 0.235533
