0 0.260000 0.198750 0.120000 0.050000
0 0.226667 0.213125 0.053333 0.083750
0 0.213750 0.246875 0.134167 0.116250
0 0.097917 0.160625 0.109167 0.043750
0 0.262500 0.308750 0.140000 0.110000
0 0.038750 0.565625 0.075833 0.061250
0 0.103750 0.456250 0.152500 0.157500
0 0.451667 0.314375 0.086667 0.088750
0 0.260000 0.408750 0.151667 0.145000
0 0.364167 0.351250 0.166667 0.155000
0 0.347917 0.423125 0.202500 0.158750
0 0.437500 0.451250 0.088333 0.160000
0 0.407500 0.540625 0.210000 0.201250
0 0.401250 0.621250 0.252500 0.172500
0 0.312083 0.656875 0.119167 0.206250
0 0.582500 0.452500 0.186667 0.210000
0 0.573750 0.496875 0.127500 0.346250
0 0.697500 0.586875 0.185000 0.253750
0 0.941250 0.571250 0.117500 0.290000
0 0.773750 0.341250 0.044167 0.140000
0 0.824583 0.360000 0.080833 0.145000
0 0.916667 0.416250 0.166667 0.305000
0 0.871250 0.433125 0.187500 0.356250
