0 0.085000 0.601064 0.087500 0.151064
0 0.449375 0.195745 0.163750 0.170213
0 0.610000 0.208511 0.160000 0.148936
0 0.161250 0.636170 0.055000 0.080851
0 0.181250 0.623404 0.090000 0.106383
0 0.236250 0.625532 0.045000 0.093617
0 0.237500 0.597872 0.040000 0.114894
0 0.287500 0.610638 0.082500 0.161702
0 0.275625 0.584043 0.021250 0.112766
0 0.310000 0.605319 0.065000 0.125532
0 0.345000 0.590426 0.040000 0.155319
0 0.402500 0.615957 0.065000 0.159574
0 0.497500 0.617021 0.090000 0.161702
0 0.437500 0.640426 0.062500 0.110638
0 0.573125 0.597872 0.028750 0.157447
0 0.607500 0.608511 0.072500 0.148936
0 0.676250 0.613830 0.087500 0.168085
0 0.773125 0.591489 0.038750 0.127660
0 0.898125 0.592553 0.096250 0.155319
0 0.945625 0.623404 0.068750 0.165957
