0 0.093889 0.425319 0.021111 0.125683
0 0.119444 0.469035 0.085556 0.249545
0 0.163889 0.466302 0.041111 0.211293
0 0.155000 0.416211 0.016667 0.122040
0 0.241111 0.533698 0.128889 0.145719
0 0.230556 0.520036 0.090000 0.122040
0 0.284444 0.262295 0.255556 0.255009
0 0.288333 0.446266 0.061111 0.193078
0 0.338889 0.479964 0.077778 0.231330
0 0.330556 0.508197 0.076667 0.138434
0 0.447778 0.537341 0.071111 0.134791
0 0.479444 0.464481 0.107778 0.244080
0 0.533333 0.489982 0.068889 0.218579
0 0.807222 0.472678 0.312222 0.256831
0 0.863333 0.482696 0.106667 0.163934
