0 0.432310 0.695906 0.099278 0.070175
0 0.201264 0.865497 0.088448 0.081871
0 0.276173 0.852339 0.101083 0.096491
0 0.326715 0.881579 0.064982 0.038012
0 0.377256 0.877193 0.090253 0.099415
0 0.450361 0.875731 0.088448 0.055556
0 0.444043 0.795322 0.101083 0.087719
0 0.518953 0.862573 0.081227 0.093567
0 0.574007 0.875731 0.090253 0.073099
0 0.622744 0.866959 0.090253 0.090643
0 0.729242 0.865497 0.093863 0.070175
0 0.913357 0.836257 0.093863 0.105263
0 0.850181 0.864035 0.072202 0.049708
0 0.953069 0.769006 0.086643 0.070175
