0 0.205776 0.623839 0.173285 0.120743
0 0.226534 0.544892 0.164260 0.117647
0 0.296029 0.425697 0.173285 0.176471
0 0.338448 0.568111 0.135379 0.126935
0 0.414260 0.452012 0.157040 0.092879
0 0.460289 0.507740 0.115523 0.086687
0 0.541516 0.555728 0.187726 0.145511
0 0.520758 0.718266 0.167870 0.173375
0 0.601083 0.482972 0.180505 0.136223
0 0.705776 0.376161 0.184116 0.089783
0 0.779783 0.442724 0.169675 0.105263
0 0.760830 0.603715 0.164260 0.117647
0 0.915162 0.374613 0.169675 0.130031
0 0.935018 0.501548 0.129964 0.068111
0 0.925090 0.616099 0.149819 0.080495
