0 0.092083 0.385982 0.141667 0.337611
0 0.206458 0.442251 0.102917 0.122409
0 0.176458 0.538006 0.157083 0.205331
0 0.204167 0.560711 0.093333 0.258638
0 0.289792 0.517275 0.081250 0.207305
0 0.350833 0.473346 0.066667 0.095755
0 0.402083 0.511352 0.153333 0.270484
0 0.431667 0.678184 0.109167 0.140178
0 0.632708 0.458045 0.117083 0.165844
0 0.570000 0.518263 0.110000 0.254689
0 0.563750 0.686081 0.246667 0.203356
0 0.676667 0.617473 0.090000 0.249753
0 0.816250 0.431392 0.097500 0.041461
0 0.773958 0.503455 0.094583 0.128332
0 0.847917 0.506910 0.150833 0.176703
0 0.782083 0.659921 0.151667 0.206318
0 0.870417 0.552320 0.063333 0.358342
