0 0.046795 0.609174 0.060256 0.091743
0 0.114103 0.593578 0.071795 0.122936
0 0.255769 0.592661 0.093590 0.124771
0 0.301923 0.602752 0.083333 0.126606
0 0.360897 0.592661 0.078205 0.132110
0 0.387821 0.599083 0.070513 0.108257
0 0.458974 0.606422 0.061538 0.130275
0 0.498077 0.604587 0.050000 0.130275
0 0.576923 0.611927 0.117949 0.115596
0 0.676282 0.611009 0.096154 0.110092
0 0.747436 0.601835 0.074359 0.117431
0 0.878846 0.610092 0.057692 0.119266
0 0.791667 0.611927 0.075641 0.093578
