0 0.023750 0.537222 0.025833 0.096667
0 0.032083 0.566111 0.030833 0.112222
0 0.059167 0.566111 0.066667 0.125556
0 0.115833 0.550000 0.053333 0.100000
0 0.131250 0.531667 0.055833 0.127778
0 0.187500 0.529444 0.058333 0.143333
0 0.230417 0.560556 0.029167 0.107778
0 0.265000 0.565556 0.076667 0.124444
0 0.303750 0.526667 0.049167 0.135556
0 0.332917 0.561667 0.040833 0.101111
0 0.350833 0.534444 0.035000 0.108889
0 0.388750 0.553333 0.037500 0.100000
0 0.412083 0.516111 0.035833 0.094444
0 0.428333 0.561111 0.048333 0.111111
0 0.487083 0.570000 0.040833 0.117778
0 0.598750 0.575556 0.079167 0.106667
0 0.630000 0.537778 0.035000 0.093333
0 0.680417 0.576111 0.035833 0.112222
0 0.819167 0.590556 0.031667 0.070000
0 0.885000 0.558889 0.033333 0.104444
0 0.895417 0.528889 0.064167 0.133333
0 0.946250 0.570000 0.044167 0.117778
0 0.182917 0.563333 0.060833 0.135556
