0 0.150833 0.802885 0.021667 0.037088
0 0.222083 0.791896 0.017500 0.034341
0 0.210000 0.804945 0.028333 0.032967
0 0.279583 0.725275 0.039167 0.024725
0 0.335833 0.789835 0.021667 0.041209
0 0.457083 0.762363 0.027500 0.035714
0 0.501667 0.762363 0.038333 0.032967
0 0.553333 0.763736 0.018333 0.032967
0 0.594583 0.759615 0.020833 0.032967
0 0.594583 0.782280 0.035833 0.045330
0 0.669583 0.744505 0.014167 0.021978
0 0.675000 0.752747 0.013333 0.021978
0 0.699583 0.754121 0.027500 0.027473
0 0.690833 0.807692 0.036667 0.013736
0 0.771667 0.753434 0.015000 0.039835
0 0.812500 0.715659 0.026667 0.016484
0 0.812083 0.700549 0.014167 0.013736
