0 0.231250 0.443609 0.128125 0.065163
0 0.110156 0.699248 0.045313 0.055138
0 0.232031 0.701754 0.054688 0.040100
0 0.362500 0.714286 0.053125 0.040100
0 0.526563 0.676692 0.028125 0.090226
0 0.582813 0.680451 0.037500 0.067669
0 0.703125 0.709273 0.053125 0.055138
0 0.850000 0.670426 0.050000 0.057644
0 0.907031 0.684211 0.051563 0.060150
0 0.376563 0.392231 0.031250 0.052632
0 0.532813 0.437343 0.109375 0.082707
0 0.718750 0.434837 0.150000 0.092732
0 0.296094 0.335840 0.045313 0.055138
0 0.701563 0.342105 0.021875 0.047619
0 0.317969 0.107769 0.017188 0.040100
0 0.350781 0.106516 0.017188 0.037594
0 0.214844 0.050125 0.035938 0.030075
0 0.769531 0.068922 0.029688 0.027569
0 0.788281 0.052632 0.023438 0.030075
0 0.114844 0.660401 0.042188 0.027569
