0 0.418773 0.183594 0.075812 0.127604
0 0.225632 0.289062 0.104693 0.130208
0 0.431408 0.290365 0.093863 0.106771
0 0.462996 0.350260 0.077617 0.127604
0 0.557762 0.291667 0.086643 0.109375
0 0.446751 0.444010 0.092058 0.127604
0 0.544224 0.417969 0.099278 0.132812
0 0.624549 0.424479 0.090253 0.135417
0 0.488267 0.575521 0.095668 0.161458
0 0.393502 0.677083 0.119134 0.151042
0 0.591155 0.602865 0.113718 0.138021
0 0.737365 0.492188 0.088448 0.151042
0 0.741877 0.666667 0.086643 0.171875
0 0.667870 0.740885 0.111913 0.164062
