0 0.160833 0.484102 0.178333 0.198728
0 0.307917 0.219396 0.135833 0.206677
0 0.339167 0.377583 0.143333 0.166932
0 0.171667 0.804452 0.153333 0.130366
0 0.320833 0.747218 0.128333 0.171701
0 0.357917 0.805246 0.112500 0.109698
0 0.423750 0.753577 0.164167 0.257552
0 0.590833 0.775040 0.178333 0.173291
0 0.532083 0.716216 0.139167 0.265501
0 0.650000 0.627186 0.128333 0.138315
0 0.746667 0.789348 0.148333 0.122417
0 0.857083 0.588235 0.169167 0.232114
0 0.889583 0.786963 0.160833 0.222576
