0 0.240975 0.165871 0.149819 0.107399
0 0.454874 0.582339 0.238267 0.181384
0 0.701264 0.199284 0.167870 0.131265
0 0.785199 0.405728 0.162455 0.152745
0 0.555957 0.352029 0.198556 0.064439
0 0.265343 0.894988 0.166065 0.100239
0 0.342960 0.363962 0.101083 0.059666
0 0.429603 0.791169 0.176895 0.069212
0 0.642599 0.849642 0.259928 0.090692
0 0.770758 0.297136 0.173285 0.078759
0 0.092960 0.196897 0.099278 0.045346
0 0.800542 0.106205 0.084838 0.050119
0 0.928700 0.318616 0.142599 0.064439
