0 0.059104 0.411043 0.103881 0.069530
0 0.181194 0.435072 0.099701 0.074642
0 0.264179 0.552658 0.112836 0.101227
0 0.233134 0.655419 0.115224 0.130879
0 0.318507 0.702454 0.093731 0.102249
0 0.399104 0.574131 0.110448 0.095092
0 0.456119 0.774029 0.100299 0.094070
0 0.447761 0.858896 0.096716 0.081800
0 0.260597 0.918200 0.096119 0.051125
0 0.579104 0.204499 0.113433 0.110429
0 0.647463 0.225460 0.103284 0.123722
0 0.656119 0.430982 0.112239 0.068507
0 0.659104 0.548057 0.103881 0.100204
0 0.546567 0.529141 0.105672 0.097137
0 0.607761 0.699387 0.096716 0.083845
0 0.696119 0.852249 0.097910 0.068507
0 0.677015 0.929448 0.093134 0.073620
0 0.837910 0.892638 0.094925 0.157464
0 0.945075 0.234151 0.109851 0.100204
0 0.952239 0.907975 0.088358 0.104294
