0 0.084103 0.466821 0.086154 0.131173
0 0.131282 0.519290 0.036923 0.084877
0 0.149744 0.503858 0.067692 0.081790
0 0.325128 0.487654 0.065641 0.157407
0 0.381026 0.471451 0.081026 0.118827
0 0.376410 0.483025 0.065641 0.160494
0 0.489231 0.459877 0.096410 0.166667
0 0.618974 0.493827 0.070769 0.098765
0 0.654872 0.489198 0.078974 0.108025
0 0.717436 0.490741 0.101538 0.120370
0 0.777949 0.452932 0.101538 0.152778
0 0.846154 0.464506 0.061538 0.151235
0 0.902051 0.513889 0.072821 0.095679
