0 0.087319 0.294402 0.047831 0.075290
0 0.314794 0.499035 0.075640 0.083012
0 0.767519 0.503861 0.086763 0.073359
0 0.049499 0.203668 0.034483 0.040541
0 0.095106 0.227799 0.067853 0.027027
0 0.116796 0.162162 0.053393 0.073359
0 0.279199 0.244208 0.057842 0.071429
0 0.424360 0.503861 0.065628 0.084942
0 0.396552 0.512548 0.065628 0.075290
0 0.504449 0.497104 0.072303 0.083012
0 0.626251 0.500965 0.080089 0.071429
0 0.744160 0.509653 0.084538 0.073359
0 0.840378 0.498069 0.085651 0.073359
0 0.955506 0.494208 0.088988 0.061776
