0 0.133333 0.586170 0.263333 0.117021
0 0.143333 0.661702 0.223333 0.182979
0 0.274167 0.658511 0.198333 0.159574
0 0.387500 0.595745 0.315000 0.255319
0 0.420000 0.570213 0.140000 0.046809
0 0.444167 0.543617 0.111667 0.176596
0 0.552500 0.584043 0.115000 0.091489
0 0.500000 0.550000 0.153333 0.231915
0 0.601667 0.665957 0.140000 0.093617
0 0.701667 0.538298 0.146667 0.182979
0 0.743333 0.577660 0.203333 0.206383
0 0.906667 0.563830 0.160000 0.272340
0 0.689167 0.696809 0.261667 0.125532
