0 0.125641 0.591680 0.161026 0.144838
0 0.144615 0.465331 0.168205 0.107858
0 0.267692 0.222650 0.160000 0.167951
0 0.223590 0.328197 0.155897 0.123267
0 0.241026 0.298151 0.186667 0.186441
0 0.382051 0.401387 0.163077 0.127889
0 0.395897 0.502311 0.176410 0.163328
0 0.354872 0.528505 0.172308 0.086287
0 0.495897 0.562404 0.167179 0.175655
0 0.575897 0.613251 0.154872 0.107858
0 0.622051 0.648690 0.146667 0.077042
0 0.699487 0.463020 0.149744 0.090909
0 0.745128 0.512327 0.169231 0.177196
0 0.630769 0.542373 0.137436 0.135593
