0 0.066250 0.568539 0.105000 0.085393
0 0.118750 0.594382 0.112500 0.101124
0 0.110625 0.496629 0.103750 0.089888
0 0.135000 0.464045 0.112500 0.087640
0 0.270000 0.258427 0.117500 0.112360
0 0.276250 0.422472 0.110000 0.085393
0 0.358750 0.483146 0.107500 0.148315
0 0.351875 0.576404 0.128750 0.096629
0 0.500000 0.232584 0.112500 0.114607
0 0.483750 0.300000 0.105000 0.096629
0 0.507500 0.378652 0.107500 0.078652
0 0.536250 0.289888 0.110000 0.130337
0 0.500000 0.461798 0.100000 0.119101
0 0.511250 0.566292 0.102500 0.116854
0 0.478125 0.567416 0.091250 0.114607
0 0.586250 0.551685 0.070000 0.123596
0 0.632500 0.377528 0.107500 0.089888
0 0.704375 0.200000 0.108750 0.116854
0 0.717500 0.487640 0.115000 0.130337
0 0.684375 0.512360 0.103750 0.094382
0 0.759375 0.551685 0.046250 0.119101
0 0.846875 0.459551 0.113750 0.114607
0 0.906250 0.450562 0.107500 0.105618
0 0.878750 0.559551 0.097500 0.089888
0 0.901875 0.540449 0.056250 0.096629
0 0.951875 0.552809 0.056250 0.121348
