0 0.064583 0.592778 0.127500 0.098889
0 0.198750 0.613889 0.144167 0.136667
0 0.107500 0.430556 0.108333 0.152222
0 0.287917 0.410000 0.085833 0.184444
0 0.300833 0.542778 0.110000 0.098889
0 0.457500 0.411667 0.143333 0.198889
0 0.575417 0.396667 0.159167 0.175556
0 0.500000 0.677222 0.161667 0.103333
0 0.677083 0.638889 0.145833 0.064444
0 0.760833 0.447222 0.120000 0.056667
0 0.910417 0.403333 0.179167 0.131111
0 0.789583 0.799444 0.114167 0.190000
0 0.890417 0.831667 0.219167 0.176667
