0 0.401667 0.725051 0.041111 0.167006
0 0.434444 0.755601 0.066667 0.130346
0 0.271111 0.732179 0.033333 0.148676
0 0.527778 0.740326 0.073333 0.128310
0 0.615000 0.725051 0.065556 0.158859
0 0.717222 0.779022 0.036667 0.091650
0 0.751667 0.710794 0.065556 0.171079
0 0.807222 0.727088 0.052222 0.150713
0 0.845000 0.743381 0.025556 0.158859
0 0.851111 0.747454 0.071111 0.154786
0 0.907222 0.765784 0.038889 0.122200
0 0.343889 0.736253 0.038889 0.144603
0 0.605000 0.759674 0.085556 0.093686
0 0.710556 0.734216 0.056667 0.107943
0 0.288333 0.736253 0.061111 0.148676
