0 0.075463 0.281832 0.049074 0.038820
0 0.256481 0.287267 0.051852 0.043478
0 0.278241 0.255435 0.043519 0.038820
0 0.299074 0.304348 0.037037 0.034161
0 0.262500 0.298913 0.039815 0.026398
0 0.404167 0.281056 0.041667 0.034161
0 0.474074 0.277174 0.042593 0.048137
0 0.543981 0.196429 0.043519 0.051242
0 0.580556 0.243789 0.027778 0.040373
0 0.558333 0.251553 0.038889 0.037267
0 0.568056 0.293478 0.045370 0.018634
0 0.620370 0.319876 0.040741 0.021739
0 0.724074 0.295031 0.042593 0.037267
0 0.760648 0.283385 0.032407 0.041925
0 0.945833 0.322205 0.041667 0.026398
