0 0.304583 0.519259 0.110833 0.087407
0 0.295833 0.577778 0.106667 0.106667
0 0.193750 0.751852 0.124167 0.102222
0 0.234583 0.783704 0.115833 0.127407
0 0.338750 0.702963 0.117500 0.102222
0 0.252500 0.728148 0.100000 0.093333
0 0.391667 0.688148 0.131667 0.069630
0 0.420000 0.720000 0.115000 0.130370
0 0.504583 0.779259 0.099167 0.085926
0 0.407500 0.596296 0.086667 0.081481
0 0.440417 0.544444 0.105833 0.042963
0 0.618333 0.562963 0.100000 0.077037
0 0.793333 0.802222 0.093333 0.081481
0 0.920417 0.466667 0.144167 0.088889
0 0.915833 0.563704 0.110000 0.072593
