0 0.197500 0.463750 0.113333 0.057500
0 0.151667 0.438125 0.116667 0.103750
0 0.342500 0.428750 0.121667 0.080000
0 0.431250 0.337500 0.110833 0.092500
0 0.374583 0.546250 0.107500 0.072500
0 0.530417 0.514375 0.110833 0.073750
0 0.575833 0.532500 0.108333 0.030000
0 0.576250 0.628750 0.112500 0.065000
0 0.520000 0.660000 0.123333 0.087500
0 0.438750 0.731250 0.117500 0.080000
0 0.693750 0.468750 0.115833 0.082500
0 0.792083 0.500000 0.104167 0.095000
0 0.933750 0.413750 0.105833 0.095000
0 0.984167 0.439375 0.031667 0.016250
0 0.905833 0.473125 0.123333 0.078750
