0 0.082222 0.444444 0.120000 0.092308
0 0.130000 0.417094 0.031111 0.078632
0 0.138889 0.474359 0.104444 0.042735
0 0.200000 0.429060 0.042222 0.112821
0 0.163333 0.479487 0.135556 0.114530
0 0.240000 0.423077 0.068889 0.100855
0 0.253889 0.430769 0.083333 0.109402
0 0.375000 0.394872 0.130000 0.133333
0 0.355000 0.467521 0.127778 0.107692
0 0.390000 0.488034 0.153333 0.135043
0 0.437778 0.397436 0.024444 0.070085
0 0.461111 0.433333 0.033333 0.128205
0 0.486667 0.422222 0.068889 0.109402
0 0.506667 0.482906 0.115556 0.117949
0 0.567778 0.394017 0.113333 0.124786
0 0.604444 0.403419 0.095556 0.099145
0 0.590000 0.467521 0.100000 0.076923
0 0.659444 0.409402 0.083333 0.121368
0 0.690000 0.347863 0.057778 0.076923
0 0.661667 0.452137 0.101111 0.104274
0 0.718333 0.431624 0.056667 0.107692
0 0.746111 0.430769 0.098889 0.112821
0 0.745556 0.460684 0.140000 0.104274
0 0.789444 0.478632 0.132222 0.119658
0 0.870556 0.440171 0.081111 0.124786
0 0.837778 0.423077 0.040000 0.066667
0 0.789444 0.395726 0.038889 0.111111
0 0.440000 0.392308 0.024444 0.049573
